Q [[-0.04476615 -0.05480201 -0.05153356  0.01182658]	
 [-0.04476615 -0.07860043  0.02987959 -0.48489468]	
 [-0.04476615 -0.05413248 -0.05969262 -0.6942785 ]	
 ...	
 [-0.04476615 -0.02836705  0.04662114 -0.00172537]	
 [-0.04476615 -0.04316752 -0.0168328   0.01064276]	
 [-0.04476615  0.04604599  0.02481116 -0.00117609]]	
Q [[-0.04467671 -0.00926107  0.0653259  -0.11305689]	
 [-0.04467671 -0.01976056  0.0398643   0.87920114]	
 [-0.04467671 -0.06240528 -0.05292943 -0.37998203]	
 ...	
 [-0.04467671 -0.06465651  0.03171857 -0.00487826]	
 [-0.04467671 -0.04158652  0.03090449 -0.00340427]	
 [-0.04467671  0.01446847 -0.04238306 -0.01409391]]	
