3.283848000153906400e+16	
7.398384963680920919e+03	
4.493217920572555886e+04	
6.975299954629734600e+01	
-1.294811945346489779e+02	
-9.987617662610700800e+16	
-9.987617662610678400e+16	
-9.987617662610494400e+16	
-9.987617662610489600e+16	
-9.987617662610454400e+16	
-9.987617662610281600e+16	
-1.925331352969452160e+17	
-1.925331352969457280e+17	
-1.925331352969470080e+17	
-1.925331352969472640e+17	
-1.925331352969439360e+17	
-1.925331352969454080e+17	
2.236683109503978880e+17	
2.236683109503975680e+17	
2.236683109503962880e+17	
2.236683109503962880e+17	
2.236683109503991680e+17	
2.236683109503979200e+17	
6.147325604266926400e+16	
6.147325604266995200e+16	
6.147325604266981600e+16	
6.147325604267047200e+16	
6.147325604267003200e+16	
6.147325604266987200e+16	
-2.557073507155406800e+16	
-2.557073507155487600e+16	
-2.557073507155316800e+16	
-2.557073507155315600e+16	
-2.557073507155370800e+16	
-2.557073507155296000e+16	
